25503383
25599175
25830891
26628643
26786045
26871630
27272384
27347757
28209587
28220790
28459458
28459459
28581492
28931002
28953884
29178945
29432181
29605708
29730196
29748595
29786090
30194297
30195783
30231914
30413470
30451839
30622278
30654827
30833658
30911135
31000663
31015609
31391465
31937940
32029687
32187529
32332169
32478125
32541958
32682455
32941652
33484963
33623984
33722289
33876953
34210953
34215845
34418541
35049367
35064134
35438515
35658035
35882447
36040815
36045296
36076084
36153319
36206730
36381302
36382633
36509752
36581624
36627653
36996170
37024653
37084235
37142705
37301931
37648862
37773046
37924808
38139060
38182795
38405215
