16091630
18096615
18420656
19767612
19815667
19854938
20453030
20544786
20886212
20886816
21047800
21540335
21540336
21673662
21687525
22246038
22258146
22326642
22505629
22704926
22709826
22872057
22915769
23692080
23876758
23952551
24065781
24292388
24308267
24321374
24336348
24405395
24511611
24550163
24586944
24875475
24932560
25072142
25155593
25209738
25434769
26134311
26338776
26366082
26444021
26553810
26855051
26964641
27327137
27355239
27357629
27378237
27461380
27483025
27504598
27854228
27923110
27939059
28118087
28123102
28129130
28145801
28295562
28325303
28591791
28633548
28694238
28853853
28918038
28929521
28986168
29107969
29121767
29246303
29250742
29390093
29432571
29450406
29459660
29499955
29565739
29669851
29708844
29846725
29858054
30095329
30114557
30535404
30544191
30576769
30583097
30765435
30817230
30820542
30988454
31034558
31063435
31140918
31375812
31381852
31479430
31629961
31676815
31687889
31821125
31873063
31875524
31877238
31881528
31980820
32059541
32160706
32178467
32180554
32260534
32343462
32530964
32610253
32805488
32833564
33016851
33068777
33084520
33314011
33337582
33431610
33540294
33544849
33567808
33577685
33633318
33664996
33738134
33753212
33798466
33801683
33860461
33899154
33924589
33952251
34037271
34042551
34060347
34105177
34141070
34172725
34222719
34242101
34251414
34382360
34388351
34437914
34440222
34445083
34566407
34575518
34592399
34629736
34648028
34683974
34684009
34760338
34788571
34841414
34921016
34948105
34949835
34959463
34994962
35037525
35071927
35143189
35155859
35156491
35205363
35289020
35436109
35464859
35634851
35642083
35667416
35736224
35737426
35745067
35787224
35801870
35847173
35860385
35861704
35908242
35913563
35917865
35921069
35921401
35971951
35976085
35992044
36064365
36090761
36191773
36192390
36229039
36318487
36365241
36371191
36412852
36415122
36457549
36511872
36513186
36520934
36525882
36529659
36541426
36550348
36614194
36618268
36620965
36631935
36632217
36650129
36700050
36719755
36727438
36755201
36798116
36801361
36909507
37002654
37003287
37005891
37016578
37021909
37040258
37093125
37100699
37110552
37111598
37147890
37185731
37200862
37207382
37251692
37252442
37290591
37310350
37346977
37365583
37424909
37437196
37442152
37479139
37497888
37524230
37638886
37649429
37654022
37659896
37680985
37692001
37700336
37704069
37719367
37738329
37744174
37768671
37799089
37834294
37850379
37871289
37905978
37920238
37925520
37951519
37956785
37994483
38015828
38042877
38057066
38077055
38089931
38126895
38157582
38168301
38191947
38192611
38197438
38220186
38227794
38269451
38271438
38276948
38311577
38321605
38327047
38361750
38371290
38379891
38383439
38391508
38452197
38532802
38548524
38554525
38563414
38573183
38613388
38617800
38636882
38666665
38672408
38697280
38707801
38722537
38741123
38749176
38779336
38819395
38829038
38921951
38963794
38973319
38973655
38978695
38979291
38998694
39006767
39031853
39052238
39059407
39060346
39064553
39068444
39106627
39118143
39119918
39146787
39166716
39192097
39214467
39225259
39231537
39252874
39258001
39259836
39263399
39264298
39264964
39268699
39274180
39286058
39296267
39306863
39325927
39329032
39348656
39363329
39379106
39389081
39392531
39411247
39431993
39447239
39447458
39447842
39448881
39458966
39459005
39460376
39491068
39500647
39521158
39539730
39539970
39549635
39553720
39554992
39580013
39583320
39597922
39606561
39627280
39629104
39632755
39642315
39657238
39676860
39684010
39684325
39690144
39692702
39697325
39723844
39733890
39798707
39813044
39829133
39838063
39850319
39860035
39861693
39875734
39896757
39906612
39907973
39910045
39934917
39937271
39940962
39946362
39950874
39955653
39980062
39985265
39990947
40006524
40010411
40011938
40017137
40024534
40046817
40053895
40060931
40064874
40073943
40084851
40098305
40101742
40116355
40134366
40134378
40142497
40143003
40147647
40151235
40160160
40178922
40179932
40196492
40207309
40214214
40236812
40242982
40243849
40259913
40263630
40280496
40297405
40305283
40306578
40308203
40308740
40312531
40313754
40314193
40337520
40347142
40364633
40367190
40368879
40380202
40385635
40391436
40392667
40414239
40427146
40433119
40444266
40464222
40503175
40524159
40528841
40540297
40574101
40582054
40584785
40598893
40599554
40604820
40607962
40608957
40616527
40645721
40654340
40654369
40654713
40672232
40673060
40679089
40681573
40688667
40692538
40700483
40717437
40735032
40735483
40736236
40736337
40737088
40747059
40762902
40776451
40825982
40848064
40852577
40861898
40877521
40882634
40885724
40896585
40898177
40899091
40911569
40919077
40926414
40928446
40967408
40970667
40977834
40978531
41007671
41020503
41021771
41027940
41037472
41041909
41066632
41076269
41076799
41078095
41085094
41094680
41096791
41121471
41135032
41166443
41167339
41169576
41186228
41193172
41211918
41214041
41220296
41226635
41266661
41268339
41270206
41274361
41274662
41282509
41289434
41290746
41299672
41304812
41315228
41323796
41326382
41334811
41337773
41341748
41360814
41373822
41390988
41392621
41399312
41407269
41429785
41432033
41439881
41443351
41443406
41446212
41457341
41461996
41467114
41467115
41473322
41477663
41480638
41491215
41494985
41500580
41500988
41510156
41518301
41541269
41552385
41560785
41560791
41560836
41565615
41572432
41583579
41587091
41599118
41616799
41625362
41630990
41634015
41646886
41647289
41661214
41664462
41691982
41704233
41704705
41708903
41716677
41732207
41732388
41754970
41755009
41760661
41776767
41792408
41797405
41809386
41810474
41813449
41815210
41847300
41859644
41860775
41865608
41876647
41878536
41896932
41897327
41898774
41907143
41918821
41919978
41923247
41928909
41949334
41956189
41961051
41970250
41978261
41981306
41984094
41984862
41985596
41994868
42005705
42007960
42030965
42033225
42052104
42093739
42095135
42108101
42108271
42132413
42141407
42170556
42172871
42173110
42176239
42198843
